lith DTC LnM GR GR_silica GR_clay M2R2 M2R3 M2R6 M2R9 M2RX F ZDEN ZDENm CNCF CNCFm CNCF_clay TM TP TN PE SP Silica clay carbonate
4.00000 70.00000 0.89776 77.97200 1.62670 0.51345 4.14400 7.50800 13.54300 19.85600 25.23300 0.16423 2.70000 0.72973 30.28700 0.65615 1.07636 0.96343 0.87344 5.01716 2.36000 0.34780 39.69000 56.17000 4.13850
4.00000 70.00000 0.58590 119.47500 1.25883 0.76982 172.16900 86.96800 147.94900 328.34700 252.02900 0.68313 2.75000 0.89865 41.99500 0.95930 0.94115 0.95084 0.95329 4.57418 2.50000 0.33337 31.50590 63.76861 4.72550
4.00000 70.00000 0.62395 112.18900 1.32713 0.71698 1927.10100 306.61700 689.32800 1228.89700 1390.52400 1.38588 2.72000 0.79730 43.15800 0.98941 0.82521 0.95835 0.96209 4.56830 3.92000 0.73391 25.53649 74.46351 0.00000
7.00000 68.00000 0.81388 83.55000 1.58064 0.54217 54.58300 56.81900 62.84600 65.96400 67.10700 0.81337 2.60000 0.39189 22.35700 0.45082 0.94278 1.00612 0.84301 5.39775 NaN 0.63009 55.00000 40.00000 5.00000
3.00000 72.00000 0.66085 108.95100 1.35705 0.69468 20.47100 28.01600 44.30100 61.35200 75.66600 0.27054 2.68000 0.66216 37.15300 0.83392 0.84218 0.95156 0.90147 4.82097 2.89000 0.28068 34.21984 65.78016 0.00000
3.00000 79.05300 1.04460 75.67800 1.64529 0.50208 6.29200 10.89300 15.16000 17.39500 18.28600 0.34409 2.72000 0.79730 33.86600 0.74882 1.04968 0.87543 0.81342 4.87879 3.22000 0.21385 38.88000 61.12000 0.00000
3.00000 78.56000 0.57159 137.44000 1.08619 0.91733 13.16700 13.29600 13.56100 13.67400 13.79900 0.95420 2.64800 0.55405 25.63900 0.53580 1.01843 0.89895 0.76744 5.22988 1.93300 0.64552 40.00000 45.00000 15.00000
4.00000 77.87700 0.76360 101.98700 1.42043 0.64904 36.99800 57.22800 98.02200 156.50700 194.34300 0.19037 2.70000 0.72973 43.56700 1.00000 0.76317 0.89222 0.89402 4.57719 3.40000 0.71877 30.67887 66.82616 2.49497
4.00000 75.51400 0.74004 102.04000 1.41995 0.64938 51.90800 51.78500 53.19300 54.15000 54.61000 0.95052 2.48400 0.00000 14.10100 0.23705 0.78895 0.97385 0.73417 5.82730 1.76300 0.39299 82.00000 12.00000 6.00000
10.00000 75.43800 1.15102 65.54000 1.72497 0.45479 37.52900 37.63300 37.90000 38.33700 38.59800 0.97230 2.52800 0.14865 10.46600 0.14293 1.00574 0.96187 0.71688 5.85833 1.61900 0.20046 76.00000 17.00000 7.00000
7.00000 75.36900 0.47376 159.08700 0.87538 1.13309 15.04600 15.06500 15.07200 15.14800 15.19400 0.99026 2.59800 0.38514 29.42600 0.63385 0.77980 0.94306 0.82087 5.18136 2.21700 0.66436 51.00000 32.00000 17.00000
4.00000 75.31600 0.66895 112.58900 1.32341 0.71979 72.48100 100.11400 156.28100 268.19900 325.62600 0.22259 2.77000 0.96622 39.70800 0.90008 1.06837 0.89915 0.88974 4.62875 2.80000 0.80874 35.11434 58.03800 6.84766
11.00000 73.87100 1.08334 68.18800 1.70456 0.46669 34.68300 38.47000 42.48900 44.17500 45.20700 0.76720 2.53700 0.17905 9.77700 0.12509 1.05545 0.97367 0.72790 5.86289 1.03300 0.64531 70.00000 15.00000 15.00000
3.00000 72.31700 0.44486 162.56300 0.84182 1.17219 29.39400 30.67700 32.46900 33.27100 33.72600 0.87155 2.64300 0.53716 27.37600 0.58077 0.95733 0.95848 0.83591 5.18330 2.44200 0.50805 34.92345 64.26478 0.81177
7.00000 71.59900 1.19555 59.88800 1.76759 0.43038 21.56400 22.85800 24.13200 24.72500 24.97500 0.86342 2.50500 0.07095 11.76800 0.17664 0.89970 1.00280 0.75759 5.85965 1.18000 0.62136 63.00000 21.00000 16.00000
8.00000 70.69400 1.50746 46.89600 1.86053 0.37914 26.68400 28.60800 29.46500 30.39800 32.49700 0.82112 2.55700 0.24662 12.36800 0.19218 1.05596 0.99576 0.76827 5.75676 1.96700 0.57729 62.80000 33.30000 3.90000
7.00000 70.50100 1.28081 55.04400 1.80306 0.41051 63.42100 71.05500 71.58400 75.37700 78.07000 0.81236 2.50900 0.08446 6.60900 0.04306 1.04227 1.01099 0.74225 5.99914 1.65400 0.04224 87.30000 9.10000 3.60000
8.00000 70.21700 0.75992 92.40100 1.50519 0.59108 39.41900 40.38700 42.30900 43.02100 43.07600 0.91510 2.58200 0.33108 5.59700 0.01686 1.36920 0.99286 0.73996 5.90488 1.55500 0.30000 87.00000 5.00000 8.00000
3.00000 70.14100 0.53681 130.66300 1.15186 0.85862 22.24300 22.55600 23.20400 23.47600 23.56800 0.94378 2.56300 0.26689 13.94600 0.23303 1.03444 0.99874 0.78081 5.70197 1.70400 0.47032 50.00000 46.00000 4.00000
8.00000 70.00200 0.79518 88.03300 1.54278 0.56642 46.61000 54.56800 63.84700 68.35800 70.57700 0.66041 2.53000 0.15541 8.12500 0.08231 1.07583 1.00917 0.75354 5.92100 1.44300 0.35000 73.00000 16.00000 11.00000
11.00000 69.91800 0.95652 73.09600 1.66598 0.48959 40.66900 45.31900 50.43000 53.36900 54.82800 0.74176 2.49500 0.03716 7.90800 0.07669 0.96124 NaN 0.75322 NaN 1.34800 0.55841 57.00000 13.00000 30.00000
3.00000 69.86200 0.44802 155.93500 0.90595 1.09877 109.60000 110.45000 118.30300 122.98800 125.55400 0.87293 2.65500 0.57770 27.83100 0.59255 0.98526 0.97623 0.85955 5.15286 3.13600 0.45605 39.74677 48.39122 11.86201
7.00000 69.85700 0.78593 88.88500 1.53550 0.57115 126.71800 130.91800 155.48800 168.91700 176.83800 0.71658 2.60200 0.39865 7.23700 0.05932 1.40400 0.99040 0.75057 5.82822 1.05000 0.24758 90.80000 6.40000 2.80000
7.00000 69.73300 1.08652 64.18000 1.73535 0.44879 145.20000 140.21400 159.65800 170.48700 174.51900 0.83200 2.57500 0.30743 8.49800 0.09197 1.24043 0.99882 0.75754 5.83661 1.04000 0.27551 89.50000 8.40000 2.10000
7.00000 69.61500 0.75585 92.10200 1.50778 0.58936 49.88000 49.89800 49.89600 49.90500 49.93000 0.99900 2.54100 0.19257 8.51300 0.09236 1.10540 1.00927 0.75859 5.89177 1.40400 0.27318 78.00000 18.00000 4.00000
11.00000 69.53900 0.92994 74.77800 1.65253 0.49769 30.47900 32.32500 34.25000 35.20000 35.58500 0.85651 2.51900 0.11824 9.75800 0.12460 0.99367 1.01614 0.76517 5.89351 1.28500 0.61521 75.00000 15.00000 10.00000
8.00000 69.52800 1.28411 54.14500 1.80954 0.40693 52.17000 53.00000 54.83800 56.68500 57.36100 0.90950 2.52900 0.15203 18.00000 0.33800 0.83029 1.01339 0.80686 5.63731 1.46600 0.58000 60.00000 30.00000 10.00000
3.00000 69.40400 0.48634 142.70600 1.03490 0.96570 29.42400 29.37400 30.43000 30.88500 31.09700 0.94620 2.58900 0.35473 17.40200 0.32252 1.03274 NaN 0.80473 NaN 1.67700 0.47420 35.97149 61.95693 2.07158
8.00000 69.36800 0.90655 76.51900 1.63850 0.50622 17.36800 17.61000 17.73200 17.73900 17.80300 0.97557 2.60000 0.39189 12.72800 0.20150 1.20973 0.99499 0.78112 5.67889 1.61200 0.62984 56.50000 17.10000 26.40000
3.00000 69.24700 0.44041 157.23300 0.89335 1.11278 92.78100 94.88000 100.78400 104.45500 107.00900 0.86704 2.63300 0.50338 29.90400 0.64623 0.86688 0.98712 0.87729 5.11771 2.87000 0.45638 38.17997 58.60191 3.21812
3.00000 69.16900 0.49971 138.41900 1.07666 0.92613 375.15700 313.49500 312.30900 292.17500 287.83000 1.30340 2.63200 0.50000 32.02600 0.70117 0.81777 0.98803 0.89129 5.05118 3.88000 0.44525 11.96292 85.96398 2.07310
11.00000 68.90200 0.87087 79.11900 1.61732 0.51923 37.65200 39.31900 41.64500 43.22100 43.58500 0.86388 2.50400 0.06757 7.54900 0.06740 1.00017 1.02569 0.75990 5.98145 1.16900 0.57095 73.00000 16.00000 11.00000
7.00000 68.75500 1.41716 48.51600 1.84933 0.38518 45.28600 49.13900 49.14100 50.86800 52.23000 0.86705 2.50700 0.07770 10.64500 0.14756 0.93252 1.02602 0.77589 5.88853 1.45400 0.15136 81.40000 18.60000 0.00000
7.00000 68.46600 0.50343 135.99800 1.10020 0.90451 74.23900 73.33100 81.00800 84.67000 86.28100 0.86043 2.57200 0.29730 18.83000 0.35949 0.93970 1.01003 0.81996 5.54526 1.92100 0.89342 52.00000 29.00000 19.00000
11.00000 68.32900 0.94620 72.21400 1.67298 0.48539 49.04700 53.79600 59.43500 62.18800 63.25700 0.77536 2.52100 0.12500 7.85900 0.07543 1.05082 1.02546 0.76601 5.94365 1.52700 0.54172 75.00000 15.00000 10.00000
3.00000 68.16200 0.49220 138.48400 1.07603 0.92672 53.97400 54.96300 58.40300 59.91700 60.66100 0.88976 2.62500 0.47635 28.12200 0.60009 0.88361 0.99808 0.87522 5.18486 2.27800 0.61924 64.00000 26.00000 10.00000
3.00000 68.14400 0.43389 157.05400 0.89509 1.11083 172.49800 157.02700 142.34500 134.81100 132.62800 1.30062 2.62400 0.47297 27.61900 0.58706 0.89218 0.99849 0.87233 5.20198 3.07000 0.39917 49.00000 47.00000 4.00000
10.00000 68.09500 0.39760 NaN 0.75876 1.27607 89.50200 87.99500 90.32300 92.66300 93.69100 0.95529 2.55100 0.22635 10.60000 0.14640 1.08324 1.01886 0.78102 5.81666 1.89100 0.14845 80.00000 17.00000 3.00000
3.00000 68.02000 0.48395 140.55300 1.05588 0.94562 101.50600 90.13200 80.24600 76.47900 75.17500 1.35026 2.64500 0.54392 28.31200 0.60501 0.94074 0.99391 0.87751 5.15146 3.88000 0.21427 12.00000 84.43000 3.57000
3.00000 67.94400 0.56308 120.66500 1.24756 0.77881 38.19500 41.16100 44.64300 46.25100 47.01800 0.81235 2.54700 0.21284 9.79800 0.12563 1.09112 1.02120 0.77835 5.84581 1.11000 0.66044 74.00000 15.00000 11.00000
11.00000 67.88600 0.91600 74.11100 1.65788 0.49446 36.35000 37.11700 38.97600 39.70400 40.04800 0.90766 2.51100 0.09122 8.79700 0.09971 0.99154 1.03189 0.77402 5.93427 1.63300 0.65242 77.00000 16.00000 7.00000
10.00000 67.61000 0.73563 91.90700 1.50947 0.58824 71.77400 71.61800 71.66300 71.61900 71.53600 1.00333 2.53900 0.18581 8.46700 0.09117 1.09927 1.02612 0.77466 5.89638 2.18500 0.19555 70.00000 15.00000 15.00000
10.00000 67.42900 1.14411 58.93600 1.77464 0.42640 79.06400 75.74700 75.57700 74.99800 74.68600 1.05862 2.51300 0.09797 12.83100 0.20416 0.89925 1.03496 0.79732 5.81548 1.40000 0.34815 85.60000 13.30000 1.10000
4.00000 67.33700 0.58929 114.26800 1.30777 0.73168 137.59000 143.57600 180.85400 198.01700 213.28200 0.64511 2.62100 0.46284 22.87000 0.46410 0.99874 1.00575 0.85118 5.35184 3.72700 0.57839 50.00000 25.00000 25.00000
8.00000 67.32600 0.91615 73.48800 1.66285 0.49147 26.84500 28.76700 29.74300 30.68600 31.49400 0.85238 2.56900 0.28716 14.99000 0.26007 1.02747 1.01999 0.80903 5.66240 1.32900 0.33747 69.30000 30.10000 0.60000
4.00000 67.14900 0.55851 120.22900 1.25169 0.77550 245.49000 189.00700 156.19000 144.39800 140.87300 1.74263 2.72600 0.81757 30.28700 0.65615 1.17518 0.97998 0.89658 4.98420 2.48000 0.28519 39.44536 56.69093 3.86371
7.00000 66.89500 0.89091 75.08600 1.65006 0.49919 48.81800 48.86600 49.52300 49.25000 49.82000 0.97989 2.53900 0.18581 11.28500 0.16413 1.02191 1.03178 0.79390 5.81685 1.77100 0.42807 62.00000 11.00000 27.00000
3.00000 66.82800 0.41729 160.14600 0.86514 1.14486 136.65300 121.31500 107.10700 101.46100 99.72100 1.37035 2.67800 0.65541 25.71700 0.53782 1.12478 0.99476 0.87154 5.18670 2.48000 0.37102 39.00000 56.00000 5.00000
10.00000 66.78000 0.50099 133.29700 1.12639 0.88098 48.15900 48.78400 50.41800 51.57500 52.18200 0.92290 2.56700 0.28041 10.35900 0.14016 1.15056 1.02486 0.79030 5.79756 2.21400 0.13770 78.00000 17.00000 5.00000
11.00000 66.76900 0.87826 76.02400 1.64250 0.50378 36.03500 36.25500 36.38100 37.68000 37.69700 0.95591 2.49600 0.04054 7.29300 0.06077 0.97997 1.04508 0.77578 6.00253 1.52700 0.56826 78.00000 15.00000 7.00000
11.00000 66.76300 0.88634 75.32400 1.64814 0.50035 76.47700 75.72600 83.88500 86.23400 89.19600 0.85740 2.54100 0.19257 7.99700 0.07900 1.12027 1.03226 0.77914 5.90618 1.27800 0.53605 76.00000 16.00000 8.00000
7.00000 66.71100 0.86812 76.84500 1.63586 0.50783 50.65100 50.56300 50.61900 50.63800 50.84200 0.99624 2.59500 0.37500 12.86300 0.20499 1.18531 1.01771 0.80314 5.68279 1.62700 0.18135 72.00000 26.00000 2.00000
3.00000 66.70700 0.41595 160.37200 0.86296 1.14739 66.62800 70.57800 85.00600 94.52700 98.29200 0.67786 2.68700 0.68581 24.98300 0.51881 1.18175 0.99338 0.86822 5.19681 2.02100 0.51965 37.13082 61.97643 0.89274
8.00000 66.68700 1.03378 64.50800 1.73285 0.45023 68.44900 68.59000 68.48900 68.47300 68.50200 0.99923 2.59200 0.36486 11.08200 0.15888 1.22874 1.01871 0.79454 5.73763 1.85600 0.14323 81.00000 14.00000 5.00000
7.00000 66.62900 1.10346 60.38200 1.76392 0.43246 70.93000 75.92200 82.02000 87.25100 92.13900 0.76982 2.52100 0.12500 9.30900 0.11297 1.01210 1.03898 0.78642 5.90285 1.71600 0.12479 93.00000 5.00000 2.00000
8.00000 66.57200 0.94728 70.27700 1.68825 0.47630 28.04100 29.27800 30.92400 31.65400 32.03700 0.87527 2.52500 0.13851 8.46900 0.09122 1.04843 1.03829 0.78287 5.91977 1.60900 0.07279 93.00000 4.00000 3.00000
4.00000 66.47900 0.43337 153.40100 0.93059 1.07193 142.65200 163.45700 158.21800 157.58700 160.28000 0.89002 2.63400 0.50676 26.97500 0.57039 0.93835 1.00903 0.88169 5.20812 3.11000 0.54585 31.00000 54.00000 15.00000
8.00000 66.34200 0.68765 96.47600 1.46953 0.61506 35.49400 35.27100 36.70600 37.33800 37.63500 0.94311 2.65900 0.59122 14.40400 0.24489 1.41386 1.00350 0.81378 5.54339 2.31900 0.47000 68.00000 16.00000 16.00000
3.00000 66.32900 0.42474 156.16500 0.90372 1.10124 131.86000 129.17300 134.86600 140.19800 142.18200 0.92740 2.65600 0.58108 26.64800 0.56192 1.01934 1.00439 0.88092 5.18802 3.02400 0.45317 34.00000 40.00000 26.00000
10.00000 66.17800 1.06129 62.35600 1.74914 0.44088 67.09300 61.80800 57.39200 55.63200 55.10300 1.21759 2.56700 0.28041 7.71700 0.07175 1.23202 1.02956 0.78238 5.87116 1.02000 0.26095 79.30000 17.80000 2.90000
8.00000 66.14900 0.76627 86.32600 1.55728 0.55706 36.09500 36.31900 36.95600 37.42800 37.78200 0.95535 2.66600 0.61486 9.68300 0.12265 1.63593 1.00318 0.79196 5.66380 2.03700 0.55210 74.00000 15.00000 11.00000
10.00000 66.10400 1.25628 52.61900 1.82046 0.40091 18.36700 18.09500 17.59900 17.41300 17.33500 1.05953 2.52000 0.12162 8.20100 0.08428 1.03805 1.04336 0.78524 5.93576 1.24600 0.43858 62.00000 17.00000 21.00000
3.00000 66.08800 0.45838 144.17800 1.02054 0.97967 95.01300 92.13000 96.87300 100.18700 101.28000 0.93812 2.71600 0.78378 28.73300 0.61591 1.18279 0.99081 0.89532 5.04487 3.35200 0.51624 38.19180 60.57328 1.23492
11.00000 66.06400 0.85372 77.38400 1.63148 0.51051 51.50900 52.62100 56.03500 58.11000 58.73600 0.87696 2.53500 0.17230 6.92500 0.05124 1.12869 1.03940 0.77956 5.94604 1.40300 0.55615 74.00000 16.00000 10.00000
11.00000 65.96500 0.87534 75.35900 1.64786 0.50052 52.38100 53.05000 54.78400 56.19600 56.27100 0.93087 2.56400 0.27027 7.77600 0.07328 1.21774 1.03204 0.78431 5.87442 1.41100 0.54072 74.00000 15.00000 11.00000
3.00000 65.93900 0.42154 156.42400 0.90120 1.10403 55.49900 59.07300 65.00500 67.58600 68.89300 0.80558 2.67300 0.63851 24.87200 0.51594 1.13041 1.00298 0.87356 5.21900 2.30400 0.52154 48.00000 47.00000 5.00000
8.00000 65.92100 0.54058 121.94500 1.23541 0.78860 40.60100 48.00900 54.76900 56.76600 57.17700 0.71009 2.60600 0.41216 32.00000 0.70050 0.74951 1.02087 0.91699 5.08738 NaN 0.34000 33.00000 64.00000 3.00000
8.00000 65.89400 0.75773 86.96200 1.55189 0.56053 27.60500 28.57600 29.80000 30.34900 30.65000 0.90065 2.51900 0.11824 9.05600 0.10642 1.01189 1.04527 0.79093 5.91337 1.52500 0.10898 73.00000 19.00000 8.00000
8.00000 65.88200 1.11617 59.02500 1.77398 0.42677 34.43400 35.31500 37.04700 37.74200 38.11600 0.90340 2.50600 0.07432 8.03000 0.07985 0.99449 1.04909 0.78615 5.96448 1.40400 0.02231 85.00000 12.00000 3.00000
11.00000 65.88100 0.82863 79.50600 1.61415 0.52119 54.56000 55.85400 60.13600 62.18700 63.03200 0.86559 2.53500 0.17230 7.65500 0.07014 1.10755 1.04082 0.78439 5.92574 1.36600 0.55065 69.00000 23.00000 8.00000
8.00000 65.87800 1.03126 63.88100 1.73762 0.44749 52.48000 52.18900 54.57500 55.73800 56.26000 0.93281 2.58000 0.32432 12.37500 0.19236 1.14107 1.02829 0.80720 5.72001 2.23700 0.18721 86.00000 6.00000 8.00000
7.00000 65.87600 0.45839 143.71300 1.02507 0.97524 62.98400 63.14800 63.23100 63.30900 63.25300 0.99575 2.63000 0.49324 NaN 0.56785 0.92811 1.01478 0.88579 5.21671 1.60100 0.63010 69.00000 26.00000 5.00000
7.00000 65.72400 0.82517 79.64900 1.61297 0.52192 73.01600 73.36300 74.69400 76.13500 77.24300 0.94528 2.59800 0.38514 8.08400 0.08125 1.35511 1.02456 0.78763 5.81136 1.60000 0.38779 80.60000 8.20000 11.20000
7.00000 65.69800 0.65912 99.67500 1.44114 0.63456 44.24300 47.18700 47.19600 48.52100 49.63500 0.89137 2.65700 0.58446 14.97100 0.25957 1.38387 1.00902 0.82165 5.53031 2.11900 0.81960 76.00000 24.00000 0.00000
4.00000 65.69600 0.50604 129.82500 1.15994 0.85163 72.64600 67.58800 67.37000 67.37000 67.37000 1.07831 2.78000 1.00000 39.75100 0.90119 1.10385 0.97793 0.97128 4.61601 2.80000 0.34985 35.91321 58.43545 5.65134
10.00000 65.68200 1.04363 62.93600 1.74477 0.44338 84.50700 76.84600 69.66800 67.11200 66.28100 1.27498 2.54800 0.21622 7.46700 0.06528 1.16293 1.03869 0.78504 5.90929 1.85000 0.26342 84.30000 14.60000 1.10000
7.00000 65.60300 0.38332 NaN 0.75989 1.27458 113.14500 110.75300 110.52400 110.18400 110.20700 1.02666 2.61400 0.43919 12.15900 0.18676 1.28714 1.02117 0.80825 5.67343 2.14400 0.26675 71.00000 27.00000 2.00000
8.00000 65.47400 1.00483 65.15900 1.72789 0.45310 40.45700 48.44900 58.33800 63.79300 66.49300 0.60844 2.58900 0.35473 15.92300 0.28422 1.07305 1.02894 0.82826 5.60441 1.94400 0.23509 81.00000 13.00000 6.00000
7.00000 65.42100 0.50498 129.55100 1.16258 0.84936 83.65500 81.58200 86.26700 89.18700 90.26100 0.92681 2.71700 0.78716 17.90700 0.33559 1.57077 0.99570 0.83904 5.36307 2.27000 0.81360 33.00000 53.00000 14.00000
7.00000 65.40000 0.53694 121.80100 1.23678 0.78749 29.17800 28.87000 28.48900 28.19700 28.06600 1.03962 2.55900 0.25338 12.10400 0.18534 1.07041 1.03778 0.80954 5.76107 1.27100 0.49492 88.00000 10.00000 2.00000
10.00000 65.35700 0.85359 76.56700 1.63811 0.50646 131.63200 119.93700 113.23300 107.76800 106.26100 1.23876 2.57600 0.31081 15.70200 0.27850 1.03284 1.03340 0.82802 5.63085 1.88000 0.41531 52.60000 46.40000 1.00000
10.00000 65.32500 0.78009 83.74000 1.57905 0.54318 70.86700 71.82100 71.97100 72.48400 72.47400 0.97783 2.58900 0.35473 7.59000 0.06846 1.33145 1.03008 0.78836 5.83921 2.13400 0.22845 71.00000 26.00000 3.00000
10.00000 65.31300 0.80607 81.02600 1.60163 0.52898 172.79100 145.85000 141.99200 136.06400 134.15700 1.28798 2.57200 0.29730 17.63700 0.32860 0.96918 1.03484 0.83844 5.58051 1.88000 0.37306 76.70000 23.30000 0.00000
8.00000 65.24200 1.18484 55.06400 1.80292 0.41059 84.85700 74.28200 65.25500 62.78600 61.60200 1.37750 2.57300 0.30068 9.91500 0.12866 1.18770 1.03511 0.80006 5.80038 1.73500 0.87625 93.00000 5.00000 2.00000
8.00000 65.22000 1.22744 53.13500 1.81678 0.40294 48.02000 52.23200 58.77700 61.95300 63.46700 0.75661 2.60300 0.40203 12.65100 0.19950 1.22449 1.02707 0.81363 5.67644 2.59000 0.17516 68.00000 32.00000 0.00000
3.00000 65.21900 0.52251 124.81900 1.20801 0.81103 104.39700 101.89400 102.79000 105.30700 106.34200 0.98171 2.63900 0.52365 19.82700 0.38531 1.14837 1.01743 0.85086 5.41650 2.12900 0.60492 61.00000 30.00000 9.00000
8.00000 65.20600 0.87447 74.56600 1.65423 0.49666 47.99400 47.98500 48.08900 48.21800 48.52200 0.98912 2.55000 0.22297 8.21800 0.08472 1.14827 1.04178 0.79223 5.88511 1.72800 0.75322 81.00000 11.00000 8.00000
10.00000 65.20300 0.98761 66.02100 1.72129 0.45693 104.44500 88.40700 76.75000 72.84500 71.56500 1.45944 2.57800 0.31757 7.19700 0.05828 1.29600 1.03403 0.78745 5.86765 1.82000 0.38391 81.00000 15.30000 3.70000
7.00000 65.19900 0.90895 71.73000 1.67681 0.48311 45.95800 44.83500 42.74300 41.88400 41.53800 1.10641 2.59300 0.36824 6.54600 0.04143 1.38654 1.02995 0.78445 5.86136 1.90000 0.28654 72.00000 18.00000 10.00000
8.00000 64.98900 0.57409 113.20300 1.31770 0.72411 88.95400 89.13600 89.20600 89.30200 89.38200 0.99521 2.61000 0.42568 11.70400 0.17498 1.28492 1.02694 0.81070 5.69230 2.00500 0.20908 69.00000 22.00000 9.00000
10.00000 64.94200 1.27190 51.05900 1.83152 0.39486 89.07900 91.47500 91.48800 93.91700 93.00900 0.95775 2.53100 0.15878 8.49900 0.09200 1.06907 1.04915 0.79558 5.90885 2.56300 0.45484 82.00000 13.00000 5.00000
3.00000 64.91500 0.57887 112.14000 1.32758 0.71664 62.16900 63.74700 66.82100 68.64000 70.24800 0.88499 2.67600 0.64865 9.78700 0.12535 1.68759 1.01005 0.80194 5.64627 2.40000 0.36817 65.60000 26.00000 8.40000
8.00000 64.89900 0.98956 65.58400 1.72464 0.45498 35.02800 35.31600 36.81400 37.47600 37.79300 0.92684 2.51400 0.10135 7.02800 0.05391 1.04859 1.05432 0.78898 5.97884 1.74000 0.15812 88.00000 9.00000 3.00000
10.00000 64.88700 0.82112 79.02300 1.61811 0.51874 117.31100 100.98100 97.40600 93.30100 92.12100 1.27344 2.59500 0.37500 15.97000 0.28544 1.09369 1.03178 0.83298 5.59388 2.22000 0.36613 72.70000 27.30000 0.00000
7.00000 64.66400 0.82064 78.79700 1.61996 0.51760 82.82000 98.12800 104.19400 113.97600 118.29800 0.70010 2.61800 0.45270 14.97600 0.25970 1.21288 1.02725 0.82957 5.58767 2.22100 0.59875 56.00000 42.40000 1.60000
4.00000 64.66000 0.56677 114.08600 1.30947 0.73038 148.67500 148.91900 149.98000 150.69200 153.34500 0.96955 2.65000 0.56081 21.98600 0.44121 1.12705 1.01878 0.86697 5.33713 2.73300 0.66019 73.00000 19.00000 8.00000
8.00000 64.65000 1.30023 49.72200 1.84091 0.38974 188.80000 188.80000 188.80000 188.80000 188.80000 1.00000 2.57200 0.29730 4.94600 0.00000 1.34622 1.03988 0.78124 5.93886 1.03700 0.32310 89.00000 9.00000 2.00000
10.00000 64.58100 1.40473 45.97400 1.86686 0.37574 59.74700 57.43800 56.06400 56.06400 56.06400 1.06569 2.51300 0.09797 10.73100 0.14979 0.94950 1.05702 0.80904 5.87591 1.30000 0.30200 86.40000 13.10000 0.50000
11.00000 64.41800 0.96271 66.91300 1.71442 0.46092 61.66700 69.99900 81.29000 86.95900 89.38900 0.68987 2.57000 0.29054 7.85400 0.07530 1.24017 1.04219 0.79649 5.86250 2.13700 0.53272 76.00000 15.00000 9.00000
10.00000 64.38400 1.12334 57.31500 1.78655 0.41971 100.61300 90.22300 83.27900 80.05100 79.17100 1.27083 2.56000 0.25676 8.25900 0.08578 1.18646 1.04522 0.79866 5.86756 1.45000 0.22736 78.90000 19.60000 1.50000
8.00000 64.35100 0.75714 84.99200 1.56854 0.54985 32.87000 33.18100 34.38600 34.93600 35.19800 0.93386 2.56300 0.26689 7.68400 0.07089 1.21652 1.04463 0.79619 5.87860 1.65800 0.19908 64.00000 29.00000 7.00000
10.00000 64.31300 0.82536 77.92100 1.62711 0.51319 112.04600 110.64200 110.35900 109.92400 110.37500 1.01514 2.58700 0.34797 8.44200 0.09052 1.29363 1.03830 0.80006 5.81895 2.08100 0.22128 77.00000 15.00000 8.00000
8.00000 64.08100 0.70610 90.75300 1.51945 0.58165 32.35300 32.87200 34.33600 34.97900 35.26600 0.91740 2.55100 0.22635 7.76600 0.07302 1.16571 1.05000 0.79860 5.89603 1.57000 0.19317 64.00000 29.00000 7.00000
3.00000 64.07500 0.42119 152.12900 0.94298 1.05871 118.59500 119.21100 123.11200 126.86700 128.84800 0.92043 2.68800 0.68919 23.80300 0.48826 1.22254 1.01329 0.88160 5.23081 2.68100 0.46540 31.26453 68.35262 0.00000
10.00000 64.06500 1.03872 61.67700 1.75424 0.43796 118.16300 100.05300 86.47900 81.83800 80.42300 1.46927 2.60100 0.39527 8.42200 0.09000 1.35699 1.03635 0.80182 5.79734 1.88000 0.22465 76.70000 16.00000 7.30000
7.00000 63.95700 0.70056 91.29400 1.51478 0.58473 70.29300 67.72800 63.52400 61.54100 60.78000 1.15652 2.67700 0.65203 6.44800 0.03889 1.84621 1.01701 0.79337 5.73461 1.56200 0.40665 72.00000 21.00000 7.00000
7.00000 63.95000 0.52208 122.49100 1.23021 0.79281 111.79600 111.27700 111.20100 111.15700 111.53800 1.00231 2.64900 0.55743 18.61900 0.35403 1.22557 1.02438 0.85395 5.43741 1.65700 0.60248 60.00000 31.00000 9.00000
8.00000 63.84600 0.48973 130.37000 1.15468 0.85617 127.93200 128.07000 128.08100 128.08100 128.08100 0.99884 2.61700 0.44932 21.65300 0.43259 1.01688 1.03366 0.87123 5.39414 1.86300 0.58725 62.00000 34.00000 4.00000
7.00000 63.80100 0.48890 130.50000 1.15343 0.85726 318.81100 328.82800 298.06000 269.52300 262.62800 1.21393 2.65600 0.58108 24.12300 0.49654 1.08821 1.02365 0.88548 5.26484 3.60000 0.42713 27.83260 66.31675 5.85064
10.00000 63.79400 1.10679 57.63900 1.78418 0.42104 137.74600 116.92700 102.26400 96.78100 95.22100 1.44659 2.58500 0.34122 7.96900 0.07827 1.30075 1.04273 0.80170 5.83518 1.78000 0.22425 81.00000 17.60000 1.40000
7.00000 63.78800 1.30863 48.74400 1.84774 0.38604 26.83100 27.03300 27.81900 28.10500 28.21100 0.95108 2.60100 0.39527 11.86500 0.17915 1.24125 1.03841 0.82054 5.70166 1.62200 0.45124 67.00000 18.00000 15.00000
3.00000 63.77700 0.72670 87.76200 1.54509 0.56492 67.33900 67.48200 68.28500 69.29000 69.98800 0.96215 2.67500 0.64527 9.48000 0.11740 1.69532 1.01887 0.80902 5.65607 1.22000 0.40938 79.80000 19.40000 0.80000
7.00000 63.70000 0.64438 98.85500 1.44845 0.62951 52.08700 52.08700 52.08400 51.76600 51.51300 1.01114 2.62000 0.45946 11.10200 0.15940 1.34995 1.03394 0.81745 5.69379 1.31900 0.51344 92.00000 7.00000 1.00000
4.00000 63.69500 0.76187 83.60400 1.58019 0.54246 43.36200 43.36800 43.36800 43.37600 43.48300 0.99722 2.60100 0.39527 10.01800 0.13133 1.30205 1.03911 0.81222 5.75325 1.87400 0.74156 68.00000 23.00000 9.00000
11.00000 63.68300 1.88959 33.70200 1.94773 0.33333 29.79500 30.27600 31.11800 31.60600 31.93400 0.93302 2.60700 0.41554 12.14100 0.18630 1.25765 1.03757 0.82268 5.68465 1.70000 0.01446 69.00000 20.00000 11.00000
7.00000 63.65500 0.44436 143.25100 1.02958 0.97085 45.05800 48.09400 51.80100 53.76700 55.36200 0.81388 2.66000 0.59459 12.80500 0.20349 1.47861 1.02369 0.82618 5.58667 2.15900 0.50000 54.00000 28.00000 18.00000
7.00000 63.64700 0.85045 74.83900 1.65204 0.49799 159.28100 159.28100 159.28100 157.60700 157.57300 1.01084 2.69500 0.71284 12.92200 0.20652 1.65917 1.01468 0.82682 5.53305 2.02000 0.36830 40.48791 47.32771 12.18438
7.00000 63.64100 1.83219 34.73500 1.94117 0.33671 60.16000 62.73500 65.45000 67.63700 68.92000 0.87290 2.54300 0.19932 6.33900 0.03607 1.17734 1.05553 0.79522 5.94882 1.70500 0.11447 90.00000 10.00000 NaN
8.00000 63.61600 1.18793 53.55200 1.81379 0.40458 40.02800 48.16400 57.36000 62.20600 64.68100 0.61885 2.58600 0.34459 12.58400 0.19777 1.15815 1.04378 0.82537 5.70468 1.98000 0.17557 78.00000 19.00000 3.00000
3.00000 63.60800 0.40717 156.22100 0.90317 1.10184 73.75800 73.28200 73.08900 74.03700 74.46500 0.99051 2.64900 0.55743 26.46700 0.55724 1.00020 1.02692 0.90054 5.20314 2.45000 0.60248 54.00000 42.00000 4.00000
8.00000 63.58300 0.49128 129.42300 1.16381 0.84830 123.60100 123.63900 123.77400 123.80700 123.80700 0.99834 2.62600 0.47973 20.27600 0.39693 1.08632 1.03321 0.86562 5.42202 1.95100 0.58569 71.00000 16.00000 13.00000
7.00000 63.55800 0.68999 92.11500 1.50767 0.58943 41.08500 41.08500 41.11100 41.13000 41.11900 0.99917 2.62800 0.48649 9.18800 0.10984 1.45739 1.03286 0.80925 5.73443 1.41300 0.34392 76.00000 20.00000 4.00000
4.00000 63.47900 0.43089 147.31900 0.98989 1.01016 71.06200 71.35200 70.82300 71.63900 71.24800 0.99739 2.60900 0.42230 27.46400 0.58305 0.85150 1.03854 0.90743 5.22784 2.93900 0.10587 42.00000 57.00000 1.00000
3.00000 63.42000 0.51075 124.17000 1.21421 0.80591 25.05300 28.47100 31.34600 32.57200 33.09200 0.75707 2.67500 0.64527 17.29100 0.31964 1.38490 1.02152 0.85086 5.43869 2.09700 0.54451 78.00000 17.00000 5.00000
7.00000 63.39600 1.13074 56.06600 1.79566 0.41463 76.14100 75.58400 76.26600 77.82200 78.57200 0.96906 2.59300 0.36824 11.15900 0.16087 1.23044 1.04350 0.81998 5.73391 1.00000 0.09065 60.00000 20.00000 20.00000
8.00000 63.36800 0.95942 66.04800 1.72108 0.45705 47.86200 48.03600 50.33400 51.34600 51.79600 0.92405 2.58600 0.34459 7.94400 0.07763 1.30600 1.04562 0.80475 5.83427 2.20400 0.31592 81.00000 10.00000 9.00000
8.00000 63.33600 0.63140 100.31000 1.43547 0.63851 44.68100 46.15400 48.67200 49.90700 50.44200 0.88579 2.57400 0.30405 8.01300 0.07941 1.25187 1.04915 0.80531 5.85164 2.31600 0.31117 72.00000 21.00000 7.00000
10.00000 63.33500 0.38299 165.37200 0.81484 1.20476 37.10500 37.10400 37.10400 37.10400 37.10400 1.00003 2.62400 0.47297 8.82100 0.10033 1.45156 1.03558 0.80915 5.75063 1.74500 0.50079 66.00000 17.00000 17.00000
8.00000 63.32200 0.94357 67.10900 1.71291 0.46181 48.26800 48.97300 51.71400 52.98100 53.54400 0.90146 2.57700 0.31419 7.61200 0.06903 1.27782 1.04843 0.80353 5.85786 2.33100 0.30145 79.00000 16.00000 5.00000
8.00000 63.29000 0.42792 147.90300 0.98419 1.01594 62.81500 61.76600 62.96600 63.34000 64.24000 0.97782 2.64900 0.55743 14.82900 0.25590 1.35193 1.02928 0.83909 5.54597 1.36300 0.30000 64.00000 29.00000 7.00000
8.00000 63.23200 0.46420 136.21800 1.09806 0.90645 83.18700 83.18600 83.33000 83.48500 84.09300 0.98923 2.69900 0.72635 21.68800 0.43349 1.34025 1.01673 0.87598 5.27846 3.41000 0.88437 60.00000 23.00000 17.00000
7.00000 63.21500 0.74759 84.55800 1.57219 0.54753 283.84200 287.19600 287.19600 277.87000 276.32700 1.02720 2.68700 0.68581 13.19600 0.21361 1.60351 1.01994 0.83139 5.53684 2.89000 0.38247 43.40000 17.80000 38.80000
8.00000 63.18800 0.47176 133.94200 1.12014 0.88654 45.47700 47.01200 49.68700 50.98200 51.53500 0.88245 2.57200 0.29730 8.54500 0.09319 1.22643 1.05080 0.80892 5.84014 2.30400 0.31689 65.00000 28.00000 7.00000
7.00000 63.15000 1.26429 49.94900 1.83932 0.39060 50.26600 51.09100 52.10100 53.15500 53.73400 0.93546 2.55200 0.22973 8.85300 0.10116 1.13720 1.05664 0.81067 5.86411 1.72200 0.54283 86.00000 10.00000 4.00000
8.00000 62.98000 1.19323 52.78100 1.81930 0.40155 49.04900 60.52300 76.03300 84.99500 89.56900 0.54761 2.60400 0.40541 12.69500 0.20064 1.22723 1.04358 0.83062 5.67366 1.75000 0.19838 66.00000 3.00000 31.00000
7.00000 62.80300 0.77177 81.37500 1.59874 0.53079 80.33100 80.33100 80.33100 80.33100 80.33100 1.00000 2.59500 0.37500 13.61400 0.22444 1.16249 1.04732 0.83652 5.66146 1.49400 0.39782 76.00000 22.00000 2.00000
7.00000 62.79900 0.48855 128.54100 1.17231 0.84103 261.00600 205.71900 180.40600 165.76300 161.60500 1.61509 2.66800 0.62162 21.90000 0.43898 1.20038 1.02791 0.88034 5.31459 2.40000 0.40314 44.90000 54.70000 0.40000
10.00000 62.76200 1.29100 48.61500 1.84864 0.38555 47.15000 47.15000 47.15000 47.15000 47.15000 1.00000 2.58500 0.34122 7.32300 0.06155 1.32269 1.05035 0.80629 5.85293 1.72200 0.44158 89.00000 6.00000 5.00000
3.00000 62.74900 0.69301 90.54600 1.52123 0.58048 77.93500 77.79800 77.59300 77.56100 76.85800 1.01401 2.59500 0.37500 13.43000 0.21967 1.16804 1.04772 0.83599 5.66670 2.13300 0.54629 76.00000 19.00000 5.00000
7.00000 62.65700 1.08980 57.49400 1.78524 0.42045 141.43400 139.00300 151.94600 161.04600 164.37300 0.86045 2.64100 0.53041 11.45400 0.16851 1.43605 1.03604 0.82686 5.65229 2.51400 0.56013 85.00000 6.00000 9.00000
8.00000 62.62400 0.56645 110.55500 1.34226 0.70564 43.90400 43.77500 45.47600 46.29100 46.66600 0.94081 2.56200 0.26351 6.80800 0.04821 1.24024 1.05771 0.80489 5.90440 1.60500 0.30105 78.00000 17.00000 5.00000
10.00000 62.54700 0.72771 85.95000 1.56046 0.55502 68.07300 68.14400 68.40800 68.30000 68.51800 0.99351 2.59700 0.38176 11.30500 0.16465 1.24248 1.04865 0.82693 5.72358 1.85300 0.28974 82.00000 9.00000 9.00000
10.00000 62.54000 0.80909 77.29700 1.63219 0.51008 103.83500 92.29700 82.04500 78.35100 77.17700 1.34541 2.57600 0.31081 8.45000 0.09073 1.24618 1.05445 0.81322 5.83633 1.80000 0.29295 80.20000 17.80000 2.00000
10.00000 62.53500 0.81125 77.08500 1.63391 0.50902 73.49200 73.58400 73.74300 73.65300 73.83300 0.99538 2.63700 0.51689 11.74900 0.17615 1.40599 1.03799 0.82920 5.65009 2.12700 0.36095 74.00000 18.00000 8.00000
7.00000 62.46100 0.76654 81.48400 1.59784 0.53135 61.94500 62.72200 65.82600 67.19000 67.57900 0.91663 2.61400 0.43919 11.94500 0.18122 1.29430 1.04468 0.83070 5.67943 1.79900 0.54361 71.00000 24.00000 5.00000
8.00000 62.42100 0.83031 75.17800 1.64932 0.49964 82.35600 82.34900 83.19400 85.40100 86.86700 0.94807 2.56400 0.27027 9.71600 0.12351 1.15808 1.05863 0.82014 5.82043 2.27600 0.73214 80.00000 17.00000 3.00000
3.00000 62.41800 0.41475 150.49700 0.95889 1.04198 170.33200 168.79100 198.52500 216.09800 220.04000 0.77410 2.60900 0.42230 24.92900 0.51741 0.90927 1.04634 0.90030 5.30641 1.45100 0.23108 70.00000 23.00000 7.00000
7.00000 62.38700 0.60600 102.94900 1.41176 0.65516 53.14400 53.14400 53.14400 53.13600 52.94700 1.00372 2.61500 0.44257 9.93100 0.12907 1.36820 1.04494 0.82142 5.73394 1.57000 0.53093 85.00000 13.00000 2.00000
8.00000 62.30800 0.51702 120.51300 1.24900 0.77766 98.44800 99.57100 99.86800 101.43600 102.15300 0.96373 2.62600 0.47973 11.64100 0.17335 1.35850 1.04257 0.83032 5.66967 2.28500 0.35613 58.00000 32.00000 10.00000
8.00000 62.21600 0.75732 82.15300 1.59228 0.53483 80.46300 81.15100 81.24000 83.24100 85.00100 0.94661 2.63300 0.50338 11.82400 0.17809 1.38443 1.04137 0.83189 5.65401 2.07300 0.48906 83.00000 15.00000 2.00000
8.00000 62.18400 0.48926 127.09900 1.18616 0.82928 51.21500 50.59400 53.34900 54.53100 54.93800 0.93223 2.60500 0.40878 10.33400 0.13951 1.30901 1.04912 0.82484 5.73824 1.81500 0.24204 85.00000 11.00000 4.00000
10.00000 62.17700 0.48955 127.00800 1.18704 0.82854 63.07100 63.21100 65.97800 67.48500 68.31500 0.92324 2.67600 0.64865 12.79600 0.20326 1.56110 1.03037 0.83698 5.56369 2.37600 0.88287 48.00000 46.00000 6.00000
3.00000 62.12200 0.47618 130.45900 1.15383 0.85692 479.67600 384.66900 384.66600 366.44600 361.17900 1.32808 2.73900 0.86149 27.67300 0.58846 1.31393 1.01474 0.91862 5.04804 2.60000 0.38837 37.70000 62.30000 0.00000
4.00000 62.09100 0.48503 128.01600 1.17736 0.83673 129.19600 128.73400 130.57000 134.46200 136.51800 0.94637 2.74800 0.89189 22.46800 0.45369 1.54992 1.01272 0.88866 5.19107 3.10000 0.29577 46.00000 38.80000 15.20000
7.00000 62.05900 0.48036 129.19300 1.16603 0.84640 52.40700 52.39400 52.35100 52.37800 52.40500 1.00004 2.63900 0.52365 18.95000 0.36260 1.17474 1.04092 0.86962 5.44215 2.97600 0.18730 73.00000 25.00000 2.00000
7.00000 61.98700 0.68479 90.52000 1.52146 0.58033 59.11600 61.28000 65.47300 69.30300 70.16800 0.84249 2.58600 0.34459 8.94200 0.10347 1.27268 1.05571 0.81958 5.80671 1.68600 0.38714 56.00000 9.00000 35.00000
8.00000 61.90100 0.50791 121.87500 1.23607 0.78806 43.19500 43.51600 45.78000 46.78400 47.24900 0.91420 2.60800 0.41892 8.64700 0.09583 1.38139 1.05035 0.81879 5.78019 1.55800 0.44236 78.00000 16.00000 6.00000
8.00000 61.89600 0.64754 95.58600 1.47736 0.60974 44.31100 45.64200 48.47700 49.78500 50.43200 0.87863 2.58900 0.35473 10.20400 0.13614 1.24432 1.05555 0.82630 5.76689 1.84000 0.40493 63.00000 8.00000 29.00000
8.00000 61.81500 0.86590 71.38800 1.67951 0.48150 36.03800 36.27600 37.07700 37.59100 37.86800 0.95167 2.57600 0.31081 6.91500 0.05098 1.29671 1.05970 0.81126 5.87863 1.68700 0.51566 68.00000 28.00000 4.00000
8.00000 61.65700 1.16409 52.96600 1.81798 0.40227 60.39300 60.35400 61.18200 62.31100 62.90900 0.96001 2.60000 0.39189 9.84100 0.12674 1.30362 1.05428 0.82627 5.75972 1.50000 0.02789 87.00000 8.00000 5.00000
8.00000 61.54700 0.57420 107.18700 1.37324 0.68283 116.16600 115.82100 115.84600 116.03900 115.11200 1.00916 2.64200 0.53378 14.78800 0.25484 1.32174 1.04381 0.85156 5.55738 NaN 0.13725 82.00000 16.00000 2.00000
3.00000 61.50200 0.55759 110.30000 1.34462 0.70389 53.98700 54.00700 54.03900 54.07700 54.46800 0.99117 2.63000 0.49324 10.75600 0.15044 1.40890 1.04732 0.83181 5.68819 2.37700 0.93889 68.00000 24.00000 8.00000
4.00000 61.31400 0.40973 149.64600 0.96719 1.03337 95.26400 95.26400 95.26400 95.26400 95.26400 1.00000 2.63900 0.52365 24.40700 0.50390 1.01995 1.04627 0.90525 5.27988 1.85600 0.33282 69.00000 26.00000 5.00000
7.00000 61.22400 1.31134 46.68800 1.86197 0.37837 115.01200 114.94600 114.07000 114.74600 114.09700 1.00802 2.60100 0.39527 10.41600 0.14163 1.28870 1.05710 0.83214 5.74218 2.39800 0.41931 55.00000 16.00000 29.00000
7.00000 61.14800 0.81976 74.59300 1.65402 0.49679 33.04500 44.37200 54.70500 60.93700 34.12200 0.96844 2.71700 0.78716 13.84800 0.23050 1.74485 1.02727 0.84965 5.47666 3.25500 0.20744 42.00000 16.00000 42.00000
7.00000 61.13000 0.75551 80.91200 1.60257 0.52839 73.17300 71.88700 77.16600 79.73600 80.78200 0.90581 2.64200 0.53378 10.07400 0.13278 1.49333 1.04679 0.83116 5.68887 2.21700 0.29148 87.00000 5.00000 8.00000
7.00000 60.98200 0.79551 76.65800 1.63737 0.50691 97.01900 95.48000 99.41100 104.97000 110.24300 0.88005 2.68800 0.68919 15.01700 0.26076 1.53484 1.03585 0.85677 5.48468 3.07500 0.78689 73.40000 22.20000 4.40000
3.00000 60.81300 0.42609 142.72300 1.03473 0.96586 140.08600 140.47000 144.80100 149.60500 152.03200 0.92142 2.75700 0.92230 25.90600 0.54271 1.46168 1.01965 0.91751 5.07848 3.68400 0.45632 45.00000 50.00000 5.00000
9.00000 60.69700 0.65476 92.70100 1.50258 0.59281 193.63900 157.44100 135.00000 125.99000 123.22600 1.57141 2.64800 0.55405 9.56500 0.11960 1.54412 1.04828 0.83178 5.69381 1.69000 0.56180 78.70000 16.80000 4.50000
9.00000 60.58500 0.66651 90.89900 1.51819 0.58248 196.26000 159.46200 136.19400 126.95200 124.20400 1.58014 2.63900 0.52365 9.31800 0.11320 1.50749 1.05145 0.83139 5.71413 1.88000 0.55652 76.30000 21.50000 2.20000
7.00000 59.95600 0.73945 81.08200 1.60116 0.52927 53.14700 53.18000 53.16700 53.14700 53.14700 1.00000 2.63700 0.51689 12.55600 0.19704 1.37692 1.05640 0.85160 5.62759 2.72000 0.18743 68.00000 14.00000 18.00000
7.00000 59.62600 0.53905 110.61400 1.34172 0.70605 77.89700 77.89700 77.89700 77.82600 77.48500 1.00532 2.65200 0.56757 11.58600 0.17193 1.48534 1.05474 0.84911 5.63226 2.75800 0.72452 73.00000 22.00000 5.00000
10.00000 58.99800 0.60909 96.86200 1.46612 0.61738 113.87500 113.78300 113.81300 113.84700 113.57200 1.00267 2.68900 0.69257 9.13600 0.10849 1.79334 1.04947 0.84158 5.64495 2.82600 0.14170 66.00000 14.00000 20.00000
9.00000 58.85800 0.56364 104.42400 1.39841 0.66466 72.00500 72.00500 72.00500 72.00500 72.00500 1.00000 2.75200 0.90541 15.16900 0.26470 1.89782 1.03452 0.87238 5.39256 3.21900 0.32614 67.00000 20.00000 13.00000
8.00000 58.27100 0.50822 114.65800 1.30412 0.73447 290.21400 278.96700 264.21100 258.96900 247.05400 1.17470 2.72000 0.79730 17.34200 0.32097 1.61016 1.04654 0.88767 5.37499 3.68600 0.37770 49.00000 44.00000 7.00000
10.00000 56.61100 0.64684 87.52000 1.54715 0.56359 211.60100 209.04300 199.77000 204.06000 197.15600 1.07327 2.70100 0.73311 13.62600 0.22475 1.66256 1.06252 0.87972 5.50512 3.15800 0.46370 78.00000 13.00000 9.00000
7.00000 55.57200 0.76478 72.66400 1.66941 0.48753 322.73600 322.73600 322.73600 322.73600 322.73600 1.00000 2.69900 0.72635 8.87300 0.10168 1.86763 1.06987 0.86329 5.63757 3.07100 0.14818 49.00000 13.00000 38.00000
3.00000 54.60900 0.31070 175.76300 0.71653 1.33333 211.10900 283.02100 398.18200 501.24000 566.40100 0.37272 2.73600 0.85135 24.26600 0.50025 1.42064 1.06675 0.94989 5.15384 1.36400 0.35294 47.76802 51.90252 0.00000
