lith DT24/DTC GR M2R2 M2R3 M2R6 M2R9 M2RX ZDEN CNCF PE SP clay silica carbonate
7.00000 69.85700 88.88500 126.71800 130.91800 155.48800 168.91700 176.83800 2.60200 7.23700 1.05000 0.24758 6.40000 90.80000 2.80000
3.00000 69.73300 64.18000 145.20000 140.21400 159.65800 170.48700 174.51900 2.57500 8.49800 1.04000 0.27551 8.40000 89.50000 2.10000
3.00000 64.91500 112.14000 62.16900 63.74700 66.82100 68.64000 70.24800 2.67600 9.78700 2.40000 0.36817 5.00000 87.60000 7.40000
3.00000 63.77700 87.76200 67.33900 67.48200 68.28500 69.29000 69.98800 2.67500 9.48000 1.22000 0.40938 19.40000 79.80000 0.80000
3.00000 65.72400 79.64900 73.01600 73.36300 74.69400 76.13500 77.24300 2.59800 8.08400 1.60000 0.38779 8.20000 80.60000 11.20000
4.00000 62.09100 128.01600 129.19600 128.73400 130.57000 134.46200 136.51800 2.74800 22.46800 1.40000 0.29577 38.80000 46.00000 15.20000
NaN NaN NaN NaN NaN NaN NaN NaN NaN NaN NaN NaN NaN NaN NaN
7.00000 68.75500 48.51600 45.28600 49.13900 49.14100 50.86800 52.23000 2.50700 10.64500 1.45400 0.15136 18.60000 81.40000 NaN
7.00000 70.50100 55.04400 63.42100 71.05500 71.58400 75.37700 78.07000 2.50900 6.60900 1.65400 0.04224 9.10000 87.30000 3.60000
8.00000 70.69400 46.89600 26.68400 28.60800 29.46500 30.39800 32.49700 2.55700 12.36800 1.96700 0.57729 33.30000 62.80000 3.90000
8.00000 67.32600 73.48800 26.84500 28.76700 29.74300 30.68600 31.49400 2.56900 14.99000 1.32900 0.33747 30.10000 69.30000 0.60000
8.00000 69.36800 76.51900 17.36800 17.61000 17.73200 17.73900 17.80300 2.60000 12.72800 1.61200 0.62984 17.10000 56.50000 26.40000
7.00000 64.66400 78.79700 82.82000 98.12800 104.19400 113.97600 118.29800 2.61800 14.97600 2.22100 0.59875 42.40000 56.00000 1.60000
7.00000 65.69800 99.67500 44.24300 47.18700 47.19600 48.52100 49.63500 2.65700 14.97100 2.11900 0.81960 24.00000 76.00000 0.00000
7.00000 60.98200 76.65800 97.01900 95.48000 99.41100 104.97000 110.24300 2.68800 15.01700 3.07500 0.78689 22.20000 73.40000 4.40000
NaN NaN NaN NaN NaN NaN NaN NaN NaN NaN NaN NaN NaN NaN NaN
3.00000 79.05300 75.67800 6.29200 10.89300 15.16000 17.39500 18.28600 2.37900 33.86600 3.22000 0.21385 61.12000 38.88000 0.00000
3.00000 68.02000 140.55300 101.50600 90.13200 80.24600 76.47900 75.17500 2.64500 28.31200 3.88000 0.21427 94.43228 5.56772 0.00000
3.00000 84.43300 108.95100 20.47100 28.01600 44.30100 61.35200 75.66600 2.20300 37.15300 2.89000 0.28068 65.78016 34.21984 0.00000
3.00000 68.14400 157.05400 172.49800 157.02700 142.34500 134.81100 132.62800 2.62400 27.61900 3.07000 0.39917 47.00000 49.00000 4.00000
3.00000 66.82800 160.14600 136.65300 121.31500 107.10700 101.46100 99.72100 2.67800 25.71700 2.48000 0.37102 56.00000 39.00000 5.00000
10.00000 62.54000 77.29700 103.83500 92.29700 82.04500 78.35100 77.17700 2.57600 8.45000 1.80000 0.29295 17.80000 80.20000 2.00000
10.00000 65.68200 62.93600 84.50700 76.84600 69.66800 67.11200 66.28100 2.54800 7.46700 1.85000 0.26342 14.60000 84.30000 1.10000
10.00000 65.20300 66.02100 104.44500 88.40700 76.75000 72.84500 71.56500 2.57800 7.19700 1.82000 0.38391 15.30000 81.00000 3.70000
10.00000 64.06500 61.67700 118.16300 100.05300 86.47900 81.83800 80.42300 2.60100 8.42200 1.88000 0.22465 16.00000 76.70000 7.30000
10.00000 63.79400 57.63900 137.74600 116.92700 102.26400 96.78100 95.22100 2.58500 7.96900 1.78000 0.22425 17.60000 81.00000 1.40000
10.00000 64.38400 57.31500 100.61300 90.22300 83.27900 80.05100 79.17100 2.56000 8.25900 1.45000 0.22736 19.60000 78.90000 1.50000
10.00000 66.17800 62.35600 67.09300 61.80800 57.39200 55.63200 55.10300 2.56700 7.71700 1.02000 0.26095 17.80000 79.30000 2.90000
9.00000 60.69700 92.70100 193.63900 157.44100 135.00000 125.99000 123.22600 2.64800 9.56500 1.69000 0.56180 16.80000 78.70000 4.50000
9.00000 60.58500 90.89900 196.26000 159.46200 136.19400 126.95200 124.20400 2.63900 9.31800 1.88000 0.55652 21.50000 76.30000 2.20000
10.00000 65.31300 81.02600 172.79100 145.85000 141.99200 136.06400 134.15700 2.57200 17.63700 1.88000 0.37306 23.30000 76.70000 0.00000
10.00000 64.88700 79.02300 117.31100 100.98100 97.40600 93.30100 92.12100 2.59500 15.97000 2.22000 0.36613 27.30000 72.70000 0.00000
10.00000 65.35700 76.56700 131.63200 119.93700 113.23300 107.76800 106.26100 2.57600 15.70200 1.88000 0.41531 46.40000 52.60000 1.00000
10.00000 67.42900 58.93600 79.06400 75.74700 75.57700 74.99800 74.68600 2.51300 12.83100 1.40000 0.34815 13.30000 85.60000 1.10000
10.00000 64.58100 45.97400 59.74700 57.43800 56.06400 56.06400 56.06400 2.51300 10.73100 1.30000 0.30200 13.10000 86.40000 0.50000
3.00000 62.12200 130.45900 479.67600 384.66900 384.66600 366.44600 361.17900 2.73900 27.67300 2.60000 0.38837 62.30000 37.70000 0.00000
3.00000 69.16900 138.41900 375.15700 313.49500 312.30900 292.17500 287.83000 2.63200 32.02600 3.88000 0.44525 85.96398 11.96292 2.07310
4.00000 65.69600 129.82500 72.64600 67.58800 67.37000 67.37000 67.37000 2.35000 39.75100 2.80000 0.34985 58.43545 35.91321 5.65134
7.00000 62.79900 128.54100 261.00600 205.71900 180.40600 165.76300 161.60500 2.66800 21.90000 2.40000 0.40314 54.70000 44.90000 0.40000
7.00000 63.80100 130.50000 318.81100 328.82800 298.06000 269.52300 262.62800 2.65600 24.12300 3.60000 0.42713 66.31675 27.83260 5.85064
4.00000 67.14900 120.22900 245.49000 189.00700 156.19000 144.39800 140.87300 2.72600 30.28700 2.48000 0.28519 56.69093 39.44536 3.86371
7.00000 63.21500 84.55800 283.84200 287.19600 287.19600 277.87000 276.32700 2.68700 13.19600 2.89000 0.38247 17.80000 43.40000 38.80000
7.00000 63.64700 74.83900 159.28100 159.28100 159.28100 157.60700 157.57300 2.69500 12.92200 2.02000 0.36830 47.32771 40.48791 12.18438
4.00000 77.87700 101.98700 36.99800 57.22800 98.02200 156.50700 194.34300 2.30200 43.56700 3.40000 0.71877 66.82616 30.67887 2.49497
4.00000 75.31600 112.58900 72.48100 100.11400 156.28100 268.19900 325.62600 2.41000 39.70800 2.80000 0.80874 58.03800 35.11434 6.84766
8.00000 64.65000 49.72200 188.80000 188.80000 188.80000 188.80000 188.80000 2.57200 4.94600 1.03700 0.32310 9.00000 89.00000 2.00000
8.00000 66.68700 64.50800 68.44900 68.59000 68.48900 68.47300 68.50200 2.59200 11.08200 1.85600 0.14323 14.00000 81.00000 5.00000
4.00000 61.31400 149.64600 95.26400 95.26400 95.26400 95.26400 95.26400 2.63900 24.40700 1.85600 0.33282 26.00000 69.00000 5.00000
7.00000 55.57200 72.66400 322.73600 322.73600 322.73600 322.73600 322.73600 2.69900 8.87300 3.07100 0.14818 13.00000 49.00000 38.00000
9.00000 58.85800 104.42400 72.00500 72.00500 72.00500 72.00500 72.00500 2.75200 15.16900 3.21900 0.32614 20.00000 67.00000 13.00000
10.00000 58.99800 96.86000 113.87500 113.78300 113.81300 113.84700 113.57200 2.67800 9.14000 2.83000 0.14000 14.00000 66.00000 20.00000
8.00000 61.54000 107.19000 116.16600 115.82100 115.84600 116.03900 115.11200 2.64000 14.79000 3.19000 0.14000 16.00000 82.00000 2.00000
10.00000 67.61000 91.90700 71.77400 71.61800 71.66300 71.61900 71.53600 2.53900 8.46700 2.18500 0.19555 15.00000 70.00000 15.00000
7.00000 69.61500 92.10200 49.88000 49.89800 49.89600 49.90500 49.93000 2.54100 8.51300 1.40400 0.27318 18.00000 78.00000 4.00000
10.00000 64.31300 77.92100 112.04600 110.64200 110.35900 109.92400 110.37500 2.58700 8.44200 2.08100 0.22128 15.00000 77.00000 8.00000
10.00000 65.32500 83.74000 70.86700 71.82100 71.97100 72.48400 72.47400 2.58900 7.59000 2.13400 0.22845 26.00000 71.00000 3.00000
7.00000 66.71100 76.84500 50.65100 50.56300 50.61900 50.63800 50.84200 2.59500 12.86300 1.62700 0.18135 26.00000 72.00000 2.00000
7.00000 75.36900 159.08700 15.04600 15.06500 15.07200 15.14800 15.19400 2.59800 29.42600 2.21700 0.66436 32.00000 51.00000 17.00000
8.00000 64.98900 113.20300 88.95400 89.13600 89.20600 89.30200 89.38200 2.61000 11.70400 2.00500 0.20908 22.00000 69.00000 9.00000
7.00000 65.60300 171.14500 113.14500 110.75300 110.52400 110.18400 110.20700 2.61400 12.15900 2.14400 0.26675 27.00000 71.00000 2.00000
8.00000 63.84600 130.37000 127.93200 128.07000 128.08100 128.08100 128.08100 2.61700 21.65300 1.86300 0.58725 34.00000 62.00000 4.00000
8.00000 63.58300 129.42300 123.60100 123.63900 123.77400 123.80700 123.80700 2.62600 20.27600 1.95100 0.58569 16.00000 71.00000 13.00000
7.00000 65.87600 143.71300 62.98400 63.14800 63.23100 63.30900 63.25300 2.63000 26.87700 1.60100 0.63010 26.00000 69.00000 5.00000
3.00000 78.56000 137.44000 13.16700 13.29600 13.56100 13.67400 13.79900 2.64800 25.63900 1.93300 0.64552 45.00000 40.00000 15.00000
7.00000 63.95000 122.49100 111.79600 111.27700 111.20100 111.15700 111.53800 2.64900 18.61900 1.65700 0.60248 31.00000 60.00000 9.00000
7.00000 77.76500 83.33400 28.68000 31.30900 33.76100 34.95300 35.39100 2.45000 13.58300 1.39400 0.60621 14.00000 81.00000 5.00000
11.00000 69.91800 73.09600 40.66900 45.31900 50.43000 53.36900 54.82800 2.49500 7.90800 1.34800 0.55841 13.00000 57.00000 30.00000
11.00000 66.76900 76.02400 36.03500 36.25500 36.38100 37.68000 37.69700 2.49600 7.29300 1.52700 0.56826 15.00000 78.00000 7.00000
11.00000 68.90200 79.11900 37.65200 39.31900 41.64500 43.22100 43.58500 2.50400 7.54900 1.16900 0.57095 16.00000 73.00000 11.00000
7.00000 71.59900 59.88800 21.56400 22.85800 24.13200 24.72500 24.97500 2.50500 11.76800 1.18000 0.62136 21.00000 63.00000 16.00000
11.00000 67.88600 74.11100 36.35000 37.11700 38.97600 39.70400 40.04800 2.51100 8.79700 1.63300 0.65242 16.00000 77.00000 7.00000
11.00000 69.53900 74.77800 30.47900 32.32500 34.25000 35.20000 35.58500 2.51900 9.75800 1.28500 0.61521 15.00000 75.00000 10.00000
11.00000 68.32900 72.21400 49.04700 53.79600 59.43500 62.18800 63.25700 2.52100 7.85900 1.52700 0.54172 15.00000 75.00000 10.00000
11.00000 65.88100 79.50600 54.56000 55.85400 60.13600 62.18700 63.03200 2.53500 7.65500 1.36600 0.55065 23.00000 69.00000 8.00000
11.00000 66.06400 77.38400 51.50900 52.62100 56.03500 58.11000 58.73600 2.53500 6.92500 1.40300 0.55615 16.00000 74.00000 10.00000
11.00000 73.87100 68.18800 34.68300 38.47000 42.48900 44.17500 45.20700 2.53700 9.77700 1.03300 0.64531 15.00000 70.00000 15.00000
11.00000 66.76300 75.32400 76.47700 75.72600 83.88500 86.23400 89.19600 2.54100 7.99700 1.27800 0.53605 16.00000 76.00000 8.00000
3.00000 67.94400 120.66500 38.19500 41.16100 44.64300 46.25100 47.01800 2.54700 9.79800 1.11000 0.66044 15.00000 74.00000 11.00000
11.00000 65.96500 75.35900 52.38100 53.05000 54.78400 56.19600 56.27100 2.56400 7.77600 1.41100 0.54072 15.00000 74.00000 11.00000
11.00000 64.41800 66.91300 61.66700 69.99900 81.29000 86.95900 89.38900 2.57000 7.85400 2.13700 0.53272 15.00000 76.00000 9.00000
7.00000 61.98700 90.52000 59.11600 61.28000 65.47300 69.30300 70.16800 2.58600 8.94200 1.68600 0.38714 9.00000 56.00000 35.00000
7.00000 66.62900 60.38200 70.93000 75.92200 82.02000 87.25100 92.13900 2.52100 9.30900 1.71600 0.12479 5.00000 93.00000 2.00000
7.00000 63.64100 34.73500 60.16000 62.73500 65.45000 67.63700 68.92000 2.54300 6.33900 1.70500 0.11447 10.00000 90.00000 0.00000
7.00000 63.15000 49.94900 50.26600 51.09100 52.10100 53.15500 53.73400 2.55200 8.85300 1.72200 0.54283 10.00000 86.00000 4.00000
8.00000 58.27100 114.65800 290.21400 278.96700 264.21100 258.96900 247.05400 2.72000 17.34200 3.68600 0.37770 44.00000 49.00000 7.00000
10.00000 62.17700 127.00800 63.07100 63.21100 65.97800 67.48500 68.31500 2.67600 12.79600 2.37600 0.88287 46.00000 48.00000 6.00000
7.00000 68.46600 135.99800 74.23900 73.33100 81.00800 84.67000 86.28100 2.57200 18.83000 1.92100 0.89342 29.00000 52.00000 19.00000
7.00000 63.65500 143.25100 45.05800 48.09400 51.80100 53.76700 55.36200 2.66000 12.80500 2.15900 0.00195 28.00000 54.00000 18.00000
7.00000 65.42100 129.55100 83.65500 81.58200 86.26700 89.18700 90.26100 2.71700 17.90700 2.27000 0.81360 53.00000 33.00000 14.00000
10.00000 62.76200 48.61500 47.15000 47.15000 47.15000 47.15000 47.15000 2.58500 7.32300 1.72200 0.44158 6.00000 89.00000 5.00000
7.00000 63.55800 92.11500 41.08500 41.08500 41.11100 41.13000 41.11900 2.62800 9.18800 1.41300 0.34392 20.00000 76.00000 4.00000
4.00000 66.47900 153.40100 142.65200 163.45700 158.21800 157.58700 160.28000 2.63400 26.97500 3.11000 0.54585 54.00000 31.00000 15.00000
7.00000 59.95600 81.08200 53.14700 53.18000 53.16700 53.14700 53.14700 2.63700 12.55600 2.72000 0.18743 14.00000 68.00000 18.00000
7.00000 62.05900 129.19300 52.40700 52.39400 52.35100 52.37800 52.40500 2.63900 18.95000 2.97600 0.18730 25.00000 73.00000 2.00000
7.00000 59.62600 110.61400 77.89700 77.89700 77.89700 77.82600 77.48500 2.65200 11.58600 2.75800 0.72452 22.00000 73.00000 5.00000
7.00000 61.14800 74.59300 33.04500 44.37200 54.70500 60.93700 34.12200 2.71700 13.84800 3.25500 0.20744 16.00000 42.00000 42.00000
10.00000 66.10400 52.61900 18.36700 18.09500 17.59900 17.41300 17.33500 2.52000 8.20100 1.24600 0.43858 17.00000 62.00000 21.00000
7.00000 65.40000 121.80100 29.17800 28.87000 28.48900 28.19700 28.06600 2.55900 12.10400 1.27100 0.49492 10.00000 88.00000 2.00000
7.00000 62.80300 81.37500 80.33100 80.33100 80.33100 80.33100 80.33100 2.59500 13.61400 1.49400 0.39782 22.00000 76.00000 2.00000
7.00000 62.38700 102.94900 53.14400 53.14400 53.14400 53.13600 52.94700 2.61500 9.93100 1.57000 0.53093 13.00000 85.00000 2.00000
7.00000 63.70000 98.85500 52.08700 52.08700 52.08400 51.76600 51.51300 2.62000 11.10200 1.31900 0.51344 7.00000 92.00000 1.00000
10.00000 63.33500 165.37200 37.10500 37.10400 37.10400 37.10400 37.10400 2.62400 8.82100 1.74500 0.50079 17.00000 66.00000 17.00000
8.00000 65.20600 74.56600 47.99400 47.98500 48.08900 48.21800 48.52200 2.55000 8.21800 1.72800 0.75322 11.00000 81.00000 8.00000
8.00000 62.42100 75.17800 82.35600 82.34900 83.19400 85.40100 86.86700 2.56400 9.71600 2.27600 0.73214 17.00000 80.00000 3.00000
3.00000 62.74900 90.54600 77.93500 77.79800 77.59300 77.56100 76.85800 2.59500 13.43000 2.13300 0.54629 19.00000 76.00000 5.00000
4.00000 63.69500 83.60400 43.36200 43.36800 43.36800 43.37600 43.48300 2.60100 10.01800 1.87400 0.74156 23.00000 68.00000 9.00000
3.00000 61.50200 110.30000 53.98700 54.00700 54.03900 54.07700 54.46800 2.63000 10.75600 2.37700 0.93889 24.00000 68.00000 8.00000
4.00000 64.66000 114.08600 148.67500 148.91900 149.98000 150.69200 153.34500 2.65000 21.98600 2.73300 0.66019 19.00000 73.00000 8.00000
8.00000 63.23200 136.21800 83.18700 83.18600 83.33000 83.48500 84.09300 2.69900 21.68800 3.41000 0.88437 23.00000 60.00000 17.00000
3.00000 70.19600 96.84000 108.83800 107.34600 112.64400 116.60600 118.11000 2.51400 16.05000 1.61000 0.42884 46.00000 40.00000 14.00000
3.00000 70.14100 130.66300 22.24300 22.55600 23.20400 23.47600 23.56800 2.56300 13.94600 1.70400 0.47032 46.00000 50.00000 4.00000
3.00000 69.40400 142.70600 29.42400 29.37400 30.43000 30.88500 31.09700 2.58900 17.40200 1.67700 0.47420 61.95693 35.97149 2.07158
7.00000 63.78800 48.74400 26.83100 27.03300 27.81900 28.10500 28.21100 2.60100 11.86500 1.62200 0.45124 18.00000 67.00000 15.00000
11.00000 63.68300 33.70200 29.79500 30.27600 31.11800 31.60600 31.93400 2.60700 12.14100 1.70000 0.01446 20.00000 69.00000 11.00000
3.00000 62.41800 150.49700 170.33200 168.79100 198.52500 216.09800 220.04000 2.60900 24.92900 1.45100 0.23108 23.00000 70.00000 7.00000
3.00000 65.54700 140.60900 137.30700 169.09000 205.64100 231.42200 241.86600 2.61400 38.45000 1.29900 0.31604 21.00000 66.00000 13.00000
7.00000 62.46100 81.48400 61.94500 62.72200 65.82600 67.19000 67.57900 2.61400 11.94500 1.79900 0.54361 24.00000 71.00000 5.00000
3.00000 68.16200 138.48400 53.97400 54.96300 58.40300 59.91700 60.66100 2.62500 28.12200 2.27800 0.61924 26.00000 64.00000 10.00000
3.00000 69.24700 157.23300 92.78100 94.88000 100.78400 104.45500 107.00900 2.63300 29.90400 2.87000 0.45638 58.60191 38.17997 3.21812
3.00000 72.31700 162.56300 29.39400 30.67700 32.46900 33.27100 33.72600 2.64300 27.37600 2.44200 0.50805 64.26478 34.92345 0.81177
3.00000 70.03400 157.27300 102.61900 104.07100 111.30700 115.55900 118.07900 2.64500 28.73000 3.06100 0.45660 20.00000 76.00000 4.00000
3.00000 69.86200 155.93500 109.60000 110.45000 118.30300 122.98800 125.55400 2.65500 27.83100 3.13600 0.45605 48.39122 39.74677 11.86201
3.00000 66.32900 156.16500 131.86000 129.17300 134.86600 140.19800 142.18200 2.65600 26.64800 3.02400 0.45317 29.00000 34.00000 37.00000
8.00000 66.34200 96.47600 35.49400 35.27100 36.70600 37.33800 37.63500 2.65900 14.40400 2.31900 0.47000 16.00000 68.00000 16.00000
3.00000 65.93900 156.42400 55.49900 59.07300 65.00500 67.58600 68.89300 2.67300 24.87200 2.30400 0.52154 47.00000 48.00000 5.00000
3.00000 63.42000 124.17000 25.05300 28.47100 31.34600 32.57200 33.09200 2.67500 17.29100 2.09700 0.54451 17.00000 78.00000 5.00000
3.00000 66.70700 160.37200 66.62800 70.57800 85.00600 94.52700 98.29200 2.68700 24.98300 2.02100 0.51965 61.97643 37.13082 0.89274
3.00000 64.07500 152.12900 118.59500 119.21100 123.11200 126.86700 128.84800 2.68800 23.80300 2.68100 0.46540 68.35262 31.26453 0.00000
3.00000 66.08800 144.17800 95.01300 92.13000 96.87300 100.18700 101.28000 2.71600 28.73300 3.35200 0.51624 60.57328 38.19180 1.23492
3.00000 54.60900 175.76300 211.10900 283.02100 398.18200 501.24000 566.40100 2.73600 24.26600 1.36400 0.35294 51.90252 47.76802 NaN
3.00000 60.81300 142.72300 140.08600 140.47000 144.80100 149.60500 152.03200 2.75700 25.90600 3.68400 0.45632 50.00000 45.00000 5.00000
8.00000 65.87800 63.88100 52.48000 52.18900 54.57500 55.73800 56.26000 2.58000 12.37500 2.23700 0.18721 6.00000 86.00000 8.00000
7.00000 61.13000 80.91200 73.17300 71.88700 77.16600 79.73600 80.78200 2.64200 10.07400 2.21700 0.29148 5.00000 87.00000 8.00000
8.00000 61.65700 52.96600 60.39300 60.35400 61.18200 62.31100 62.90900 2.60000 9.84100 1.50000 0.02789 8.00000 87.00000 5.00000
NaN NaN NaN NaN NaN NaN NaN NaN NaN NaN NaN NaN NaN NaN NaN
8.00000 70.00200 88.03300 46.61000 54.56800 63.84700 68.35800 70.57700 2.53000 8.12500 1.44300 0.35000 30.00000 60.00000 10.00000
8.00000 70.21700 92.40100 39.41900 40.38700 42.30900 43.02100 43.07600 2.58200 5.59700 1.55500 0.30000 16.00000 73.00000 11.00000
8.00000 69.52800 54.14500 52.17000 53.00000 54.83800 56.68500 57.36100 2.52900 3.61400 1.46600 0.58000 5.00000 87.00000 8.00000
8.00000 63.29000 147.90300 62.81500 61.76600 62.96600 63.34000 64.24000 2.64900 14.82900 1.36300 0.30000 29.00000 64.00000 7.00000
NaN NaN NaN NaN NaN NaN NaN NaN NaN NaN NaN NaN NaN NaN NaN
8.00000 65.24200 55.06400 84.85700 74.28200 65.25500 62.78600 61.60200 2.57300 9.91500 1.73500 0.87625 5.00000 93.00000 2.00000
7.00000 65.19900 71.73000 45.95800 44.83500 42.74300 41.88400 41.53800 2.59300 6.54600 1.90000 0.28654 18.00000 72.00000 10.00000
7.00000 63.95700 91.29400 70.29300 67.72800 63.52400 61.54100 60.78000 2.67700 6.44800 1.56200 0.40665 21.00000 72.00000 7.00000
8.00000 63.61600 53.55200 40.02800 48.16400 57.36000 62.20600 64.68100 2.58600 12.58400 1.98000 0.17557 19.00000 78.00000 3.00000
8.00000 65.47400 65.15900 40.45700 48.44900 58.33800 63.79300 66.49300 2.58900 15.92300 1.94400 0.23509 13.00000 81.00000 6.00000
8.00000 65.22000 53.13500 48.02000 52.23200 58.77700 61.95300 63.46700 2.60300 12.65100 2.59000 0.17516 32.00000 68.00000 0.00000
8.00000 62.98000 52.78100 49.04900 60.52300 76.03300 84.99500 89.56900 2.60400 12.69500 1.75000 0.19838 3.00000 66.00000 31.00000
10.00000 64.94200 51.05900 89.07900 91.47500 91.48800 93.91700 93.00900 2.53100 8.49900 2.56300 0.45484 13.00000 82.00000 5.00000
8.00000 62.21600 82.15300 80.46300 81.15100 81.24000 83.24100 85.00100 2.63300 11.82400 2.07300 0.48906 15.00000 83.00000 2.00000
4.00000 63.47900 147.31900 71.06200 71.35200 70.82300 71.63900 71.24800 2.60900 27.46400 2.93900 0.10587 57.00000 42.00000 1.00000
4.00000 67.33700 114.26800 137.59000 143.57600 180.85400 198.01700 213.28200 2.62100 22.87000 3.72700 0.57839 11.00000 3.00000 86.00000
7.00000 66.89500 75.08600 48.81800 48.86600 49.52300 49.25000 49.82000 2.53900 11.28500 1.77100 0.42807 11.00000 62.00000 27.00000
10.00000 62.54700 85.95000 68.07300 68.14400 68.40800 68.30000 68.51800 2.59700 11.30500 1.85300 0.28974 9.00000 82.00000 9.00000
10.00000 62.53500 77.08500 73.49200 73.58400 73.74300 73.65300 73.83300 2.63700 11.74900 2.12700 0.36095 18.00000 74.00000 8.00000
10.00000 56.61100 87.52000 211.60100 209.04300 199.77000 204.06000 197.15600 2.70100 13.62600 3.15800 0.46370 13.00000 78.00000 9.00000
4.00000 75.51400 102.04000 51.90800 51.78500 53.19300 54.15000 54.61000 2.48400 14.10100 1.76300 0.39299 12.00000 82.00000 6.00000
10.00000 75.43800 65.54000 37.52900 37.63300 37.90000 38.33700 38.59800 2.52800 10.46600 1.61900 0.20046 17.00000 76.00000 7.00000
10.00000 68.09500 171.26500 89.50200 87.99500 90.32300 92.66300 93.69100 2.55100 10.60000 1.89100 0.14845 17.00000 80.00000 3.00000
10.00000 66.78000 133.29700 48.15900 48.78400 50.41800 51.57500 52.18200 2.56700 10.35900 2.21400 0.13770 17.00000 78.00000 5.00000
8.00000 62.30800 120.51300 98.44800 99.57100 99.86800 101.43600 102.15300 2.62600 11.64100 2.28500 0.35613 32.00000 58.00000 10.00000
3.00000 65.21900 124.81900 104.39700 101.89400 102.79000 105.30700 106.34200 2.63900 19.82700 2.12900 0.60492 30.00000 61.00000 9.00000
3.00000 63.60800 156.22100 73.75800 73.28200 73.08900 74.03700 74.46500 2.64900 26.46700 2.45000 0.60248 42.00000 54.00000 4.00000
8.00000 65.88200 59.02500 34.43400 35.31500 37.04700 37.74200 38.11600 2.50600 8.03000 1.40400 0.02231 12.00000 85.00000 3.00000
8.00000 64.89900 65.58400 35.02800 35.31600 36.81400 37.47600 37.79300 2.51400 7.02800 1.74000 0.15812 9.00000 88.00000 3.00000
8.00000 65.89400 86.96200 27.60500 28.57600 29.80000 30.34900 30.65000 2.51900 9.05600 1.52500 0.10898 19.00000 73.00000 8.00000
8.00000 64.08100 90.75300 32.35300 32.87200 34.33600 34.97900 35.26600 2.55100 7.76600 1.57000 0.19317 29.00000 64.00000 7.00000
8.00000 64.35100 84.99200 32.87000 33.18100 34.38600 34.93600 35.19800 2.56300 7.68400 1.65800 0.19908 29.00000 64.00000 7.00000
8.00000 63.18800 133.94200 45.47700 47.01200 49.68700 50.98200 51.53500 2.57200 8.54500 2.30400 0.31689 28.00000 65.00000 7.00000
8.00000 63.33600 100.31000 44.68100 46.15400 48.67200 49.90700 50.44200 2.57400 8.01300 2.31600 0.31117 21.00000 72.00000 7.00000
8.00000 61.81500 71.38800 36.03800 36.27600 37.07700 37.59100 37.86800 2.57600 6.91500 1.68700 0.51566 28.00000 68.00000 4.00000
8.00000 63.32200 67.10900 48.26800 48.97300 51.71400 52.98100 53.54400 2.57700 7.61200 2.33100 0.30145 16.00000 79.00000 5.00000
8.00000 63.36800 66.04800 47.86200 48.03600 50.33400 51.34600 51.79600 2.58600 7.94400 2.20400 0.31592 10.00000 81.00000 9.00000
8.00000 61.89600 95.58600 44.31100 45.64200 48.47700 49.78500 50.43200 2.58900 10.20400 1.84000 0.40493 8.00000 63.00000 29.00000
8.00000 62.18400 127.09900 51.21500 50.59400 53.34900 54.53100 54.93800 2.60500 10.33400 1.81500 0.24204 11.00000 85.00000 4.00000
8.00000 61.90100 121.87500 43.19500 43.51600 45.78000 46.78400 47.24900 2.60800 8.64700 1.55800 0.44236 16.00000 78.00000 6.00000
